min.count <- 16
x4.fpr <- 3.5
