shape <- 190.127664195
location <- -0.853100401931
scale <- 0.0115240017252
alpha <- 0.367040543985
